799,379
799,379
799,379
799,379
799,379
799,379
799,379
799,379
799,379
799,379
799,379
799,379
799,379
799,379
799,379
799,379
799,379
799,379
799,379
799,379
799,379
799,379
799,379
799,379
799,379
799,379
799,379
799,379
799,379
799,379
799,379
799,379
799,379
799,379
799,379
799,379
799,379
799,379
799,379
799,379
799,379
799,379
799,379
799,379
799,379
799,379
799,379
799,379
799,379
799,379
799,379
802,374
804,370
804,370
804,370
804,370
804,370
804,370
804,370
804,370
804,370
804,370
804,370
804,370
804,370
804,370
804,370
804,370
804,370
804,370
804,370
804,370
804,370
804,370
804,370
804,370
819,372
831,375
839,378
839,378
839,378
839,378
839,378
839,378
839,378
839,378
839,378
839,378
839,378
839,378
839,378
839,378
839,378
839,378
839,378
840,378
847,380
851,383
859,388
869,394
877,397
880,398
882,398
884,399
885,400
887,400
889,401
890,401
891,401
891,401
891,401
891,401
891,401
891,401
892,401
893,402
895,402
895,402
895,402
895,402
895,402
895,402
895,402
895,402
895,402
895,402
895,402
895,402
895,402
895,402
895,402
895,402
895,402
895,402
895,402
895,402
895,402
895,402
895,402
897,404
897,404
897,404
897,404
898,404
898,404
898,404
898,404
898,404
898,404
898,404
898,404
900,406
906,413
930,451
941,488
978,632
1004,715
